positive/1648899263.9210343.jpg 2 424 501 41 76 557 499 39 78
positive/1648899270.5130382.jpg 2 532 498 36 79 471 503 27 73
positive/1648899279.0630314.jpg 2 537 450 26 36 537 396 27 50
positive/1648899289.2626374.jpg 1 538 446 26 7
positive/1648899331.7750833.jpg 2 486 204 23 38 329 46 21 36
positive/1648899337.7830822.jpg 2 487 309 22 34 350 149 22 65
positive/1648899347.7509377.jpg 2 486 341 20 20 383 229 21 37
positive/1648899354.2049522.jpg 1 431 259 25 57
positive/1648899384.7639828.jpg 2 906 468 27 71 983 315 31 68
positive/1648899394.150733.jpg 2 1006 359 25 72 903 469 33 69
positive/1648899400.7307348.jpg 2 849 392 31 35 1062 265 30 67
positive/1648899407.4661567.jpg 1 1012 357 23 63
positive/1648899449.9080598.jpg 1 276 355 26 38
positive/1648899463.2157533.jpg 2 799 156 29 65 906 291 25 27
positive/1648899500.4487731.jpg 2 449 311 31 76 368 309 19 27
positive/1648899507.3443968.jpg 2 307 392 31 66 334 333 26 72
positive/1648899514.7298114.jpg 1 274 415 27 75
positive/1648899520.3788264.jpg 1 274 337 29 74
positive/1648899538.9639473.jpg 2 326 334 28 55 313 389 28 70
positive/1648899545.5664003.jpg 1 274 415 25 69
